118 lNQ

11011115 011131. - 1111111191111
1101110115 Tuo. 817. -· Inimica 11-
1111151111. 1170.

11171111 Το11115 Aa. 595. - 1015
11. 1. 914. ι- 11117111 10111111 911011
mo 1111011115 ib. 315. -1119111111
1190110115 Mun. 195. - Iniqua 111-
111 101111015110.981.-1111511111115
ib. 986. -11911 non 111101190190-
11105 110. 196. -1119110111111015
Η. 01. 165.

111111 1111111 010015 11. 1. 834.

11111111 1011111 0111111015 Ι110.

11111101 1 imam vulneri 11111015
0111851.

11111111110011110111115110416.

11101011 1111111115 ofin. 765: 11. 11.
964. - 11101011 111110151111. 193.
-91010151111, 668. -1110001119010
011, quem 90111111 9011011105 Ac.. 143.
-111115 0110. 699. -01511 105.-
11111 1115 1111. 503-11100011111 101-
1110 01190105 011914. -11100111-
10181190115 Η. 1. 1344 -110009115
11. 01. 890. - 1110101111 11115 1111.
91111011111 0110151111. 163. - 01-
1111911110 11110105 1111. 501. -11110-
01111 1111511.1.159,--11100111111115
Η. 1. 930. - 11100110 1115115 14.
1131. - 11111115 ih. 740.

1111111 111191 1110111510. 313.

11111511 (11015 11.(1. 138.

Innumero 9011015 11. r. 556. -· 11·
10151111. 86.

Innupta 11015 0111. 373.

110 (1161101150111446. -

11100 1119015 Pu. 13.

1101109101101 110111 019115 1111.
1068.

1194111111 011111115Η. 1. 913.

111091 1111111115 1111. 67. -11011
90111015 ofin. 301. -111091 01111511.
431 Aa. 571.-1110511 11011115 11711.

11911011101111511. 01. 1516. -
1111711010 110115 H. 1. 1115. -111405
Aa. 1000. - 101111 11911115 0οτ. 837.
-117111011111 111105 Τ10. 83 . -

INS

90111115 0111. 409 -111711010111115
1101. 1537.

1117111010 11115 Ha. 1701. -10
016051111.513.-1101110111111115011.
151. - jubar nitidum Mn ,11.
463. - 11711101111101111511.1.
1454-11191110111111 110115 11. 816.

1191115111. 813.

1111111111 1110111 110 901 11115
080. 919. - Mam 1100 11019105
5110. 383. -11111101111111 1011110115
1111109.

11111111 1011115 Ρ11. 419 -101
11115 1111. 351. - 3010115111. 1131.
-111111111111511, 85. -1111111910
00111511. 41ο 1 Η11. 736. - 1111-
11111 11110511. 700 1 5110765111.
540. - 90011115 1111. 640111. 1193.
- Insani 111111 61011115 Η. 1. 1091,
-11110101 1111111115 1111. 361. -911
0011105 Τ1. 636. - 11110110 Coris 11-
1115111596.

1110111 91111015 1111. 914. - 1111-
0111 11105 ih. 461. ·- 111011 01110111 ¹
humor3 0130. 545.

Insepultus 911015 Pu. 98.

1110911 iguem 1000101101511.ῶ
1730. -111117101, 91101100, 01111111
Η. 1. 1041. -11109111111 111111 1111115
11. 011. 149- 1110911111· mmm
0011115 0111963.

11101010 101111111111511. 0111154.
- 0011111410115 Ρ11. 148- 0191111
111151111. 493. - pectori 10111115
1111. 1177. - 11110 11901011 1111015
1111. 169. - 11110101 1001011511.
313. -111111111 ungula 1111115 11. 11.
511.-1110110 1111111111 11111115 1191
, haidem 1111115 Pa. 111. -11κ·
1111101901 901 111015 ΟΕυ. 114.

1111111110014119115 Oct. 31-111·
1111101 1111411105 Pa. 495. -110111
1011111115 1111. 781. - Insidiis jaoe13
OEn. 175.

111191111111111510. 936.-1118111·
1011115111. 41. ’

11111111 110105 Pu. 14.

11101110 1011111105 1110. 473.

 

